0,435
0,434
0,433
0,432
0,431
0,430
0,429
0,428
0,427
0,426
0,278
0,425
25,3
25,2
25,1
25,0
0,424
0,423
0,422
0,421
0,420
0,419
0,418
0,417
0,416
0,415
0,414
0,413
0,412
0,411
0,410
0,409
0,408
0,407
0,406
0,405
0,404
0,403
0,402
0,401
0,400
0,399
0,398
0,397
0,396
0,395
0,394
0,393
0,392
0,391
0,390
0,389
0,388
0,387
0,386
0,385
0,384
0,319
0,318
0,317
0,316
0,283
0,243
0,9
24,52
24,51
24,50
24,49
24,48
24,47
24,46
24,45
24,44
24,43
24,42
24,41
24,40
24,39
24,38
24,37
24,36
24,35
3,1
3,3
10,115
10,225
10,23
10,149
10,217
10,231
10,29
11,20
11,12
11,4
11,13
11,9
9,7
8,18
8,5
8,12
8,11
8,16
8,17
